{"mode":[0.9649,0.1677,0.1828,0.1628,0.1655,0.4455,1.0429,0.0233,1.407,-1.272],"hessian":[[-37401.097,-16796.7679,-17558.7485,-10361.929,-10348.2903,-73.1441,21.8708,92.9044,-22.0755,36.2871],[-16796.7679,-8482.6469,-8724.0245,-5564.5014,-5346.4552,-6.4362,-15.9217,32.668,18.4808,-21.7501],[-17558.7485,-8724.0245,-9120.3177,-6145.3342,-5709.8678,-20.1927,-14.2411,32.2535,2.0672,-29.7013],[-10361.929,-5564.5014,-6145.3342,-6147.0782,-4352.6377,-16.1921,37.9343,0.1714,-15.5452,-71.5047],[-10348.2903,-5346.4552,-5709.8678,-4352.6377,-6345.3019,94.5737,-47.1853,-59.3341,60.5943,30.654],[-73.1441,-6.4362,-20.1927,-16.1921,94.5737,-85400.7246,-171.6756,-290.1982,-226.4845,86.5767],[21.8708,-15.9217,-14.2411,37.9343,-47.1853,-171.6756,-85413.5259,79.3207,-209.3122,-463.5903],[92.9044,32.668,32.2535,0.1714,-59.3341,-290.1982,79.3207,-85306.1439,-90.4564,-127.0165],[-22.0755,18.4808,2.0672,-15.5452,60.5943,-226.4845,-209.3122,-90.4564,-85569.3008,-214.8856],[36.2871,-21.7501,-29.7013,-71.5047,30.654,86.5767,-463.5903,-127.0165,-214.8856,-85844.5735]],"var_names":["omega","beta[1]","beta[2]","alpha[1]","alpha[2]","b[1]","b[2]","b[3]","b[4]","b[5]"]}
