{"mode":[0.2581,0.2556,0.2583,0.2379,0.2609,-0.1123,0.5044,0.4924,0.0073,-0.4992,-0.5068],"hessian":[[-23716.6352,-15320.4565,-15263.6376,-15346.8337,-15285.2306,-23716.6252,2853.4838,2913.2962,23.5632,-2794.0371,-2789.8892],[-15320.4565,-23724.7309,-15329.1036,-15304.6356,-15320.2582,-23724.7209,2836.6677,2953.3932,110.3398,-2799.4727,-2863.2392],[-15263.6376,-15329.1036,-23720.1876,-15348.588,-15258.1568,-23720.1776,2797.179,2890.3916,7.1498,-2834.7329,-2779.8577],[-15346.8337,-15304.6356,-15348.588,-23765.1524,-15358.3999,-23765.1424,2801.7533,2843.1652,85.8195,-2874.8174,-2886.5506],[-15285.2306,-15320.2582,-15258.1568,-15358.3999,-23718.5012,-23718.4912,2812.2026,2865.6945,46.7364,-2824.9433,-2799.3579],[-23716.6252,-23724.7209,-23720.1776,-23765.1424,-23718.4912,-37979.5579,3890.6114,3937.0386,46.771,-3876.6499,-3860.0774],[2853.4838,2836.6677,2797.179,2801.7533,2812.2026,3890.6114,-35496.7017,2281.1522,-31.8562,-2348.4039,-2331.4032],[2913.2962,2953.3932,2890.3916,2843.1652,2865.6945,3937.0386,2281.1522,-35921.8751,-98.7345,-2292.0386,-2428.2151],[23.5632,110.3398,7.1498,85.8195,46.7364,46.771,-31.8562,-98.7345,-38076.0583,-80.4012,21.4434],[-2794.0371,-2799.4727,-2834.7329,-2874.8174,-2824.9433,-3876.6499,-2348.4039,-2292.0386,-80.4012,-35701.1308,2241.9413],[-2789.8892,-2863.2392,-2779.8577,-2886.5506,-2799.3579,-3860.0774,-2331.4032,-2428.2151,21.4434,2241.9413,-35637.3125]],"var_names":["alpha[1]","alpha[2]","alpha[3]","alpha[4]","alpha[5]","c","b[1]","b[2]","b[3]","b[4]","b[5]"]}
